   5.0981535619271455e-02	  -2.7870805932665782e-01	   4.6386714273024227e-01	  -1.4444146238615413e-01	  -3.8398903435847864e-01	   1.7560742440729735e-01	   3.3531852202602674e-01	   1.5818759227534639e-02	   2.6837217927335277e-01	  -5.3679783720818952e-01	   1.4685682071691813e-01	  -4.9591991411683856e-02	   4.9345004473827218e-02	  -2.7432282550629926e-02	   3.5240054815841422e-02	  -5.1612500595224695e-02	   3.7147445480562126e-02	   6.1162192306034018e-03	
  -9.6437568231945214e-02	   6.0980441865121671e-01	  -1.4124267936043658e-01	  -1.1199012539504172e-01	  -3.3744355835943463e-01	   1.1921898885459667e-01	   4.1019838808996256e-01	  -6.6514156338371211e-02	   4.0563363369806937e-01	   2.6285263840263712e-01	  -1.6354590279539427e-01	   1.1794418581988972e-01	  -9.1353036950539424e-03	   8.4401712941020654e-03	  -2.4212597702059233e-02	  -1.1980860121003876e-02	   2.2636417578421927e-02	  -9.9467455212571748e-02	
  -9.5706894805750897e-02	   2.7769563263134578e-01	  -3.2341884497482309e-01	   2.5986680534802864e-01	   4.7392034626035601e-01	  -8.5088872535226956e-03	   3.3960120535558819e-01	   1.4145920586837007e-01	   9.5345303553796779e-02	  -4.6339165190014403e-01	   2.7804749793773187e-01	  -1.9148091407406015e-01	   1.5935021996803961e-01	  -4.5540605105377947e-03	   1.5118687373219742e-02	  -6.3211445688233142e-02	   5.6009398219808437e-04	   1.1893918554050831e-01	
   5.6197678755991465e-03	  -1.7224196574758976e-01	   2.5385231449346840e-01	   7.4357086073863321e-02	   3.8786055133595770e-01	  -1.2517931760918369e-01	   9.1582921366149025e-02	  -6.2915404167531619e-01	   4.1057737300660035e-01	   2.6585978563784579e-01	   1.4536344986319000e-01	  -7.7405281654684716e-02	   1.4431587384179118e-01	   9.5069797321936572e-02	  -1.5441328053421363e-01	  -3.3402208499258838e-02	   5.0631363929690802e-02	  -7.8980279524661856e-02	
   5.9094521742302432e-02	  -5.2455616635588542e-01	  -3.9729813254963064e-01	   4.9191881070811194e-01	  -2.3475455187880867e-01	  -1.5118453383200331e-01	   1.9699909031428636e-01	   1.8746736627701602e-01	   2.9801528469118932e-01	   1.5220278988415475e-01	  -2.1620933144310583e-01	  -5.3668726196679409e-02	   6.0462254728427173e-02	  -4.8611520861815104e-03	   2.3326012631987206e-02	  -1.0257439165986419e-02	   6.2637215327432799e-03	  -6.0217538729660319e-02	
   2.5164264183110854e-03	   6.5542784557808612e-03	   4.9591872315787044e-03	   1.6263133484665793e-02	  -5.9922924752322915e-02	   7.8958944493184746e-02	  -1.5182822676407581e-02	  -6.8493180187518474e-02	   1.7403804216730719e-02	   1.0458382950368113e-01	   2.0656914733790221e-02	  -1.4167163641658800e-01	  -4.4937506182786198e-02	   6.5442675439905651e-01	   5.9383789215195315e-01	  -1.4671913848746004e-01	   4.8096789508643129e-02	   3.8262159450810540e-01	
  -4.3775764907265952e-01	   4.8775598667849772e-02	   3.4883163339124945e-01	   4.1149728302516486e-01	   1.2254097303462291e-01	  -1.5504259750615518e-01	   1.4967075553035353e-01	  -1.8346057739532295e-02	  -4.7030687709916717e-02	  -5.1871396795856596e-02	  -1.7282647670285262e-01	   2.7968461489795782e-01	  -5.4156871937337947e-01	  -1.2562037232593079e-01	   1.5494072570783213e-01	   2.1556490345279483e-02	   1.0370466094571748e-02	   8.0822236587776722e-02	
  -5.1475540541872020e-03	   9.3728454986600415e-02	   2.6155701114301239e-02	  -2.5820277991004587e-02	  -3.4197987592744644e-02	  -1.0309756729021946e-01	   4.3619991131985086e-02	  -2.8109000855234584e-01	  -1.5954037987290431e-01	  -1.5405978190891795e-01	  -5.5588924457516109e-01	  -6.8403579619103438e-01	  -1.6009606705314816e-02	  -2.1812702135097631e-01	   1.2782184236304006e-01	  -4.0888136466905534e-02	   4.5229934281398487e-02	  -5.5925645054995601e-02	
  -7.1849219573596251e-03	  -5.6093565196620940e-03	  -7.6418354589370078e-03	   1.2680148825244368e-03	  -1.2115631605467164e-02	   1.3052712717153803e-02	   4.3269605848845649e-02	  -6.1075653941054651e-02	   4.4085706589750556e-02	  -3.5400723364664516e-02	   4.9989521712479730e-02	  -1.1892508999416231e-01	  -9.6419210725926380e-02	   1.3652572482465064e-01	   7.0802026526893616e-02	   4.6413545599400574e-01	  -8.4290156173246689e-01	  -1.2346955633848293e-01	
  -4.4665355459140271e-01	   1.0248063145733059e-01	   3.6417689229271882e-01	   2.3342752908666248e-01	  -1.3867454076587515e-01	  -1.0778298945761478e-01	   2.9529100262259966e-03	   2.6728927580944983e-01	  -1.9238318624202355e-01	   1.8221232807288501e-01	   2.0167104285596538e-02	  -1.8136088493690622e-01	   5.6166596197554020e-01	   2.0661289011623563e-01	  -1.6667107139164625e-01	   6.5915760709894800e-04	  -3.9748025815680987e-02	  -9.7758854327418418e-02	
  -8.7508908451503365e-04	   1.5432726933709427e-02	   4.5432606230205955e-03	  -9.9319026868704592e-03	  -1.0393653136432157e-01	  -1.0326434249469149e-01	   1.0253829028028665e-02	  -5.3655596607719402e-02	   5.5490261328751012e-02	   3.0495659070391701e-02	  -3.7175310063798095e-02	  -3.0746862777949024e-02	   9.8594440910875936e-02	  -1.2557698683462831e-01	  -2.2068782118877778e-01	   5.6530382547466984e-01	   1.6046738719105436e-01	   7.4117683946996182e-01	
  -2.1640491466175051e-02	   3.1564550599101600e-03	   1.2697936933308188e-01	  -5.9709088588377424e-02	  -6.5316074595090793e-03	   9.1571517665559026e-03	  -2.7139429945002114e-02	   3.3446585550925889e-01	   1.8205440168822062e-01	   3.8708530473187941e-01	   4.6171788400853953e-01	  -5.0223457515930958e-01	  -3.1385002194356498e-01	  -3.1517564995220160e-01	   1.3251976084912118e-01	  -8.2488956060891364e-03	   5.3768507734577697e-02	   1.8503956693342885e-02	
  -5.3931702214327570e-01	  -6.6844760449347465e-02	  -3.0468047622797423e-01	   1.2920231805826754e-01	  -2.5679332887631107e-01	   4.2592112355924877e-01	  -3.6230092994462104e-01	  -3.5834750866605902e-01	   5.6679300274329547e-02	  -1.2786581510456252e-01	   2.1949921507464154e-01	  -7.4926483604012453e-02	  -1.7803897201463172e-02	  -1.0398177901708822e-01	  -8.1032302287163405e-03	   1.3582731078305821e-02	   5.3060583414335255e-02	  -2.3835211577065765e-02	
   4.1765901373797308e-03	   4.2823484945443448e-02	  -9.0138595091558443e-02	   1.2678069620491773e-02	  -1.9215387637232134e-01	  -2.2737666282954819e-01	   1.3469190848443854e-02	  -3.4629749628171946e-02	  -8.2078885554598732e-02	  -1.1028618383978543e-01	   1.1308984352829532e-01	  -2.2875655058258421e-01	  -4.4635584622346103e-01	   4.6411378377079227e-01	  -6.1547922676231726e-01	  -1.4508621659638465e-01	   3.6497513109907898e-02	   2.8890861717619787e-03	
  -6.7247856664119865e-02	   1.6791555331110219e-01	   6.0040482098360298e-02	  -6.1463349508480460e-02	   2.2010539681609393e-02	  -3.6119888817946799e-01	  -5.8265192952999678e-01	   2.0564646884203344e-01	   5.8551254753875137e-01	  -2.6376047549060377e-01	  -1.6145983677372278e-01	   1.0593003884574625e-02	   3.4113514389670196e-02	   4.3867957954467185e-02	   5.4052054482876977e-02	  -3.6749678632826799e-02	  -3.1437580364681167e-02	  -1.5874860161395221e-02	
  -5.3566791092755828e-01	  -3.1828362029714086e-01	  -2.1704264634918169e-01	  -6.3366301728164154e-01	   1.6318153206012082e-01	  -2.3335674485050265e-01	   2.3618064138633019e-01	   9.8163154154946919e-02	   2.0404981129501006e-02	   3.8931720299468439e-02	  -9.1947750209212115e-02	   3.1984768792982676e-02	  -7.2084458215530001e-03	   3.1389915923990833e-02	   2.6540838878799544e-02	  -4.0120289344321020e-02	  -2.3068973467250072e-02	   3.6403809930872000e-02	
   3.6504825508716324e-02	   1.0354779261981313e-01	  -1.1965505587007148e-01	   2.0982547024940304e-02	  -3.5378721265224766e-01	  -6.5870698459158561e-01	   4.6872926774762555e-02	  -2.9440971368305807e-01	  -2.0095024291361221e-01	  -6.5644858001361731e-02	   3.8976097373444962e-01	   1.0258326739706077e-01	   1.0930758930731316e-01	  -1.7098515629834693e-01	   2.6901095721845070e-01	  -3.9569092573127684e-02	  -1.1918162451502234e-02	  -5.3547213513898795e-02	
   7.5601750554564889e-03	  -2.4136692768651422e-03	   2.8045224567160704e-02	   2.3134320447599336e-02	  -5.8265257852875028e-02	   3.1452119872585872e-02	  -2.4727999553327974e-02	  -4.6484232316075277e-02	   1.5575441300202390e-02	   8.7681316019273911e-02	  -4.8086036511329019e-02	   4.5515484745537349e-02	   7.9571500889083213e-02	  -2.5232211904995816e-01	  -1.6320908268091266e-01	  -6.3835254048987478e-01	  -4.9449384588012613e-01	   4.8009479174345476e-01	
