 -3.6352062525206175e-001	  3.8676097681631616e-001	 -6.6905305309375773e-002	  3.3460472915400874e-001	  2.1030043542431376e-001	  1.0199581062215243e-002	 -9.3322425562739966e-002	 -2.9176990940279562e-001	 -2.9796021047323273e-001	  2.3460933667696852e-002	 -1.5264966033354066e-001	 -5.0878528054903915e-001	 -3.0929958600112613e-002	  0.0000000000000000e+000	 -7.1290751073275829e-003	 -8.9113438841594819e-004	  1.4673876702763602e-001	 -1.3477097642079885e-001	  2.7161775107419062e-002	 -3.9412021671453183e-002	  2.2175004626021208e-001	
 -3.7282523145953372e-001	  4.0283404226598862e-001	  8.8934190869286306e-003	  2.7158929096913337e-001	  1.3105660640909972e-001	  1.1128311631391929e-001	 -8.9828753530791255e-002	  7.7619389236238678e-002	 -3.3739177823970935e-002	 -2.1881760206005665e-001	 -8.5467510590991669e-002	  5.0200519025178025e-001	  5.3221918855414656e-002	  0.0000000000000000e+000	  1.2267169891231741e-002	  1.5333962364039674e-003	 -2.5249690284616172e-001	  2.3190363957055676e-001	 -4.6737915476253250e-002	  6.7817207466882537e-002	 -3.8157060346671384e-001	
  2.1849228219670802e-001	 -2.7069387632990827e-001	 -4.9284742477166479e-002	  3.1052692404375259e-001	 -5.0467208520038886e-001	  4.2432907195611608e-001	 -3.2240833583466660e-001	 -3.2617294445289557e-001	 -1.7007964520298041e-001	 -2.0936457193343702e-001	 -2.1953964913242269e-001	 -1.9164237742359425e-002	  1.1933227355855048e-002	  0.0000000000000000e+000	  2.7505007424225071e-003	  3.4381259280281273e-004	 -5.6613948033291284e-002	  5.1996600557820183e-002	 -1.0479407422946035e-002	  1.5205730510018323e-002	 -8.5554389270499839e-002	
  1.1605823330085251e-001	 -5.0771124165410478e-002	  2.8728076534644941e-002	 -5.1552414220511503e-002	  1.4222418278237725e-001	  3.5761689325614826e-001	  1.2549024899567826e-001	  5.6553643643084772e-001	 -6.3875382171692163e-001	 -2.4703076063790769e-001	  1.2470483247230649e-001	 -5.9999645664723544e-002	 -9.4430879181220360e-003	  0.0000000000000000e+000	 -2.1765461727176034e-003	 -2.7206827158970178e-004	  4.4800159481420999e-002	 -4.1146326628064792e-002	  8.2926405970257262e-003	 -1.2032708820797121e-002	  6.7701519092081608e-002	
 -4.2361529899673989e-001	 -3.0794284162947089e-001	 -4.5831938608635336e-001	  5.8066089382622366e-002	 -2.6109266177173421e-002	  8.0114706576999220e-002	  1.2940251277601003e-001	 -1.2760188047449628e-001	  3.7408609003606506e-002	 -2.1388328354338393e-001	  2.4998428916634174e-001	  3.7946234148220143e-001	 -4.7626790773175665e-002	  0.0000000000000000e+000	 -1.0977543582671027e-002	 -1.3721929478338766e-003	  2.2595234109086562e-001	 -2.0752401189009717e-001	  4.1824439430849562e-002	 -6.0687701990242329e-002	  3.4145674728250974e-001	
 -3.7122306692117313e-001	 -2.9882279122593536e-001	 -3.3685720222632420e-001	  3.5951063019030595e-002	 -3.0024000823875789e-002	  2.9577431733410353e-001	  1.8997271963936446e-001	  2.6514373427235066e-001	  2.1005075902372569e-001	  3.0306883475029278e-001	 -1.1297984496091784e-001	 -3.9821141691634437e-001	  4.0245818275100778e-002	  0.0000000000000000e+000	  9.2762963232031776e-003	  1.1595370404003963e-003	 -1.9093532675097377e-001	  1.7536293196880062e-001	 -3.5342687623201668e-002	  5.1282611869964308e-002	 -2.8853941189081284e-001	
  2.1672548125331409e-001	  3.9487132947709391e-001	 -4.9450246635156243e-002	  4.2116934347325563e-001	 -4.2376440126771370e-001	  9.3894065465198087e-002	  5.4677243713020540e-001	  1.8606324928695933e-001	  1.7706938841014144e-001	  1.3972531176159250e-001	  2.9647461494788425e-002	  6.1401663593089288e-002	 -2.0319886292801060e-002	  0.0000000000000000e+000	 -4.6835496104804990e-003	 -5.8544370131006194e-004	  9.6402167856006499e-002	 -8.8539753701139243e-002	  1.7844323325132975e-002	 -2.5892301030445715e-002	  1.4568191906388356e-001	
  4.4271948607991642e-002	  1.5796393689625498e-002	  4.4080518516076299e-002	  2.2186539477467123e-002	 -1.8841195787726067e-003	 -3.2334872205785695e-002	  2.9415390692958654e-001	 -3.0707780125913076e-001	  5.1356590194354221e-002	 -4.5341084856775871e-001	  6.1600287028063727e-001	 -3.2995756162151579e-001	  3.4838282515566331e-002	  0.0000000000000000e+000	  8.0299083446838584e-003	  1.0037385430854793e-003	 -1.6528074569346582e-001	  1.5180069951433492e-001	 -3.0593949608878287e-002	  4.4392143010974036e-002	 -2.4977048496356563e-001	
 -1.8747969665869414e-026	 -9.3046750207639231e-025	  1.5447790750345056e-021	 -7.0094155047733542e-023	  3.2113680362538454e-021	 -2.8598149985697177e-018	 -8.1742336159420140e-018	  2.5200691585994195e-018	  1.2721403677080968e-016	  9.5317265351321325e-017	 -1.1320158074810047e-016	  1.0820557767610181e-016	 -2.9998180538336333e-001	  0.0000000000000000e+000	 -6.9143087097521275e-002	 -8.6428858871901576e-003	 -5.8299860736952680e-001	  4.3688679231107547e-001	  6.8459390999086864e-002	  4.3194488114942829e-002	  6.0650272296087604e-001	
  1.3312027775604574e-030	  1.3565843771859435e-026	  7.8087044436517634e-024	  2.9850616018078808e-023	 -7.7430286894622723e-022	 -4.1048412028379864e-020	  8.3440816621451894e-019	  8.6209562348488224e-018	  3.6322553627873263e-017	 -3.6872339493779064e-017	 -1.1011210005271714e-016	 -1.6067003276602406e-017	 -5.9920285018194919e-001	  0.0000000000000000e+000	 -1.3811082577578321e-001	 -1.7263853221972898e-002	  1.0279189628137388e-001	 -1.2540803738060421e-001	 -6.4662503827925322e-001	  4.1330323871705882e-001	 -7.9664587269742862e-002	
  2.4651903288156619e-031	  6.8039253075312268e-030	 -1.8008708390064173e-027	  5.2577086294914674e-027	 -1.9804368186494024e-024	  4.1867688233323273e-022	 -3.4918421560879419e-020	 -1.7806879862258582e-018	  1.2029124965163513e-017	 -6.0478725236323616e-017	  2.4481773881050843e-017	  2.1786713181365670e-017	  5.9952606319194979e-001	  0.0000000000000000e+000	  1.3818532344497850e-001	  1.7273165430622309e-002	  1.1452847771448552e-001	  3.0447045560316605e-001	 -6.6181203853751147e-001	 -1.8284519138106110e-003	  2.7813199305653558e-001	
  7.7037197775489434e-033	 -3.6977854932234928e-032	  7.4479562809343185e-030	 -1.0923874644564402e-030	  8.4213559415666265e-028	  7.2220655148714996e-025	 -2.7164393438704725e-022	 -1.0991351388819518e-020	 -6.8250533601340505e-019	  2.4967993339263946e-017	  3.6079202727939334e-016	 -1.0743595685696992e-016	  1.7823883347275127e-002	  0.0000000000000000e+000	  4.1082435554616889e-003	  5.1353044443271112e-004	 -5.3456253406804088e-001	 -5.4865467441768356e-001	 -3.3993084322455169e-001	 -5.4433095984132940e-001	 -3.2201571344225015e-002	
 -1.2325951644078309e-031	  5.9164567891575885e-031	 -4.4373425918681914e-031	 -2.7117093616972281e-031	 -1.2141062369417135e-030	 -4.6992690643048555e-031	  1.8424408812980492e-030	 -8.5172325860581118e-030	  3.9812823810372940e-030	  1.5697869790711482e-029	  4.1060826414335868e-029	 -1.5716820941364252e-028	 -2.9952985188510223e-001	  0.0000000000000000e+000	 -2.9952985188507980e-001	 -3.7441231485634975e-002	  3.3325698444097235e-001	  4.3845120189390957e-001	 -1.2180383073491770e-001	 -6.9845553288570916e-001	 -1.1482992259409157e-001	
  0.0000000000000000e+000	  0.0000000000000000e+000	  0.0000000000000000e+000	  0.0000000000000000e+000	  0.0000000000000000e+000	  0.0000000000000000e+000	  0.0000000000000000e+000	  0.0000000000000000e+000	  0.0000000000000000e+000	  0.0000000000000000e+000	  0.0000000000000000e+000	  0.0000000000000000e+000	  0.0000000000000000e+000	  1.0000000000000000e+000	  0.0000000000000000e+000	  0.0000000000000000e+000	  0.0000000000000000e+000	  0.0000000000000000e+000	  0.0000000000000000e+000	  0.0000000000000000e+000	  0.0000000000000000e+000	
 -1.2325951644078309e-031	  5.9164567891575885e-031	 -4.4373425918681914e-031	 -2.7117093616972281e-031	 -1.2141062369417135e-030	 -4.6992690643048555e-031	  1.8424408812980492e-030	 -8.5172325860581118e-030	  3.9812823810372940e-030	  1.5697869790711482e-029	  1.5817277447263491e-029	 -1.5085732217187443e-028	 -2.9952985188510223e-001	  0.0000000000000000e+000	  9.3096108408732658e-001	 -8.6298644890841804e-003	  7.6812714263176110e-002	  1.0105902790280268e-001	 -2.8074678951084175e-002	 -1.6098766950988069e-001	 -2.6467256336342899e-002	
 -1.5407439555097887e-032	  7.3955709864469857e-032	 -5.5466782398352393e-032	 -3.3896367021215351e-032	 -1.7641518290587080e-031	 -3.0525989618537688e-031	  5.7741787145159815e-032	 -6.2091981407044484e-031	  3.7440078118887865e-031	  2.3689901280935195e-030	  4.9415510513087698e-030	 -1.8832513368196147e-029	 -3.7441231485637778e-002	  0.0000000000000000e+000	 -8.6298644890841821e-003	  9.9892126693886463e-001	  9.6015892828970138e-003	  1.2632378487850334e-002	 -3.5093348688855219e-003	 -2.0123458688735087e-002	 -3.3084070420428624e-003	
 -3.9774440862385541e-001	  2.1202052306571384e-001	  3.4291911113541973e-001	 -3.4723465283321348e-001	 -4.7166995634457187e-001	  2.4587967670258357e-001	 -1.9965395172273678e-001	 -5.5776633054685498e-004	 -7.9143403932759121e-002	  2.8462734066695150e-001	  3.7848874109498615e-001	  8.1404933636357590e-003	 -7.4124293120000889e-003	  0.0000000000000000e+000	 -1.7084977699521602e-003	 -2.1356222124402024e-004	  3.5166252628557798e-002	 -3.2298146562173433e-002	  6.5093762515237262e-003	 -9.4451734792039520e-003	  5.3142862688169729e-002	
  3.4777591755077930e-001	  1.3518854954313947e-001	 -3.6285108008162281e-001	  1.5415585557404954e-001	  2.9552119785941910e-001	  2.4261738795895779e-001	 -2.7762064271087783e-001	 -1.1894651612658008e-001	 -5.2279602708349873e-002	  4.8144653835412321e-001	  4.6223059100178265e-001	  1.2066766693862165e-001	  7.3409075778695628e-003	  0.0000000000000000e+000	  1.6920126585100567e-003	  2.1150158231375752e-004	 -3.4826937234778643e-002	  3.1986505215714618e-002	 -6.4465679793609034e-003	  9.3540380149775386e-003	 -5.2630092915113350e-002	
  5.6043293779925771e-002	  1.8871377416634644e-001	 -1.8555191718650221e-002	  2.1647323093280393e-002	  8.5625026821807129e-002	  2.5325271563438495e-001	 -4.2934919720337422e-001	  3.4261001208140313e-001	  5.8610368760172127e-001	 -3.7932891637211991e-001	  7.3648148544554162e-002	 -2.0166569130959569e-001	 -2.3618036670924936e-002	  0.0000000000000000e+000	 -5.4437433781120157e-003	 -6.8046792226400153e-004	  1.1204934431087218e-001	 -1.0291077024820902e-001	  2.0740661467684749e-002	 -3.0094918171286712e-002	  1.6932776380547584e-001	
 -9.3831043044547396e-002	 -1.7594620539275166e-001	 -5.2848642218822711e-002	  4.2338476755739451e-001	 -2.6582925040636940e-001	 -5.9280477312004443e-001	 -3.4178205073525342e-001	  3.6737086029067123e-001	 -1.3590552992604585e-001	  3.7580974754335320e-002	  2.6833029510929102e-001	 -8.9774653813555608e-002	  6.7493106862212661e-003	  0.0000000000000000e+000	  1.5556549372356867e-003	  1.9445686715445926e-004	 -3.2020266861234943e-002	  2.9408742608082995e-002	 -5.9270450814173925e-003	  8.6002048199234991e-003	 -4.8388682838025512e-002	
 -1.0181092993489316e-001	 -3.7708414237123783e-001	  6.4177936116265411e-001	  4.5672212807553675e-001	  3.0775176237008678e-001	  2.0231196469879170e-001	  8.4349829808157126e-002	 -2.5179299052353186e-002	  1.5050374211820255e-001	  1.6094450661038909e-001	  1.2535266744203194e-001	  8.1237004157861226e-002	 -1.1485289020461174e-002	  0.0000000000000000e+000	 -2.6472550162396488e-003	 -3.3090687702995604e-004	  5.4488826564817350e-002	 -5.0044800763392988e-002	  1.0086041221417529e-002	 -1.4634952009786064e-002	  8.2342928567317564e-002	
