  6.9555877217026107e-002	 -3.8455204738496307e-001	 -1.8379294446587127e-001	  3.5824068166281142e-001	 -2.7009465325276605e-001	  4.1326458088522611e-001	  2.4386229308872154e-001	  7.2465453669418589e-002	  6.1376434799274093e-001	  0.0000000000000000e+000	  0.0000000000000000e+000	  0.0000000000000000e+000	  0.0000000000000000e+000	  0.0000000000000000e+000	  0.0000000000000000e+000	  0.0000000000000000e+000	  0.0000000000000000e+000	  0.0000000000000000e+000	  0.0000000000000000e+000	 -0.0000000000000000e+000	  0.0000000000000000e+000	
  6.3024207232804164e-002	 -2.9567129145145132e-001	 -2.3166572082782677e-001	  2.8122861076035166e-001	 -1.5000459889543374e-001	  2.7293509602574401e-001	  2.7105797151701955e-001	 -1.0146610868678309e-001	 -7.7141762848013284e-001	 -1.4588974423755431e-017	 -1.4402038959646084e-017	  4.0911092507441395e-017	 -1.3550181919202406e-016	  5.1911262945337535e-017	  4.1831721631262064e-017	  5.1067470207503288e-017	 -1.5322717350365954e-017	  5.3724220100909946e-017	 -5.1670059476381894e-017	 -2.4594641274018518e-017	  1.9254613641875830e-016	
 -5.9637964272262611e-001	 -6.4868462402785354e-001	 -7.7078930808461732e-002	 -3.5475699046728570e-001	  1.8605587822993497e-001	  3.9118565051221493e-002	 -2.2901926476794957e-001	 -5.6090087280030808e-002	 -1.7096649913291295e-003	  2.2069140274188521e-017	  5.1011740971843870e-017	  4.3088096526444886e-018	 -8.2778133149582991e-017	  1.4107490871533439e-016	 -3.8206660546822473e-017	 -7.0313879056983268e-017	 -3.1293565844163190e-017	 -3.7398228031656702e-017	 -1.1476444602971942e-016	  2.3275236979412033e-017	  2.4806229068921635e-016	
  2.2121798722443586e-001	 -3.7093534459440880e-001	  2.5241899945819476e-002	  2.7128625738384149e-002	  3.0071426764140891e-001	 -5.6579691693990719e-001	  4.6670114213248237e-001	  4.2848389295693462e-001	  1.1525269565693275e-002	 -3.3965324124326022e-017	 -4.6562579010023022e-017	 -3.8574783739355640e-017	  3.0056023706778607e-016	  8.0721515872904365e-018	 -6.6082214342881012e-017	  2.1557233635687354e-017	 -1.3752454024039694e-016	 -4.0344233366071833e-017	  2.7115340399005758e-017	 -2.0746198777235578e-017	  4.8832975545688076e-017	
  0.0000000000000000e+000	  0.0000000000000000e+000	  0.0000000000000000e+000	 -1.1102230246251565e-016	 -3.4694469519536142e-017	  5.5511151231257827e-017	  1.1102230246251565e-016	 -6.2450045135165055e-016	  5.5511151231257827e-017	 -1.6485032200204353e-001	 -7.9281112443708246e-001	 -2.8539012292361621e-001	  4.8797988607031045e-001	 -1.2210137109185538e-002	 -1.5669688377519186e-001	  8.8771933688336328e-016	 -4.0703364836730015e-015	  4.6958142747187862e-015	 -2.1820707000890820e-015	  5.5316010391204167e-016	  2.9193382126636344e-017	
  0.0000000000000000e+000	  0.0000000000000000e+000	  0.0000000000000000e+000	  1.1102230246251565e-016	  5.5511151231257827e-017	  1.1102230246251565e-016	 -1.6653345369377348e-016	  5.1347814888913490e-016	 -4.1633363423443370e-017	  2.6118458002983548e-002	 -4.3470724943870498e-001	 -2.3493845999612961e-001	 -7.7862222992910246e-001	 -3.2954579084189967e-001	  2.0074448498090094e-001	  1.8169007175172346e-016	  3.6908698123684910e-015	 -7.1232185780039138e-015	  2.0848009471068437e-015	  3.9934004361259837e-016	  3.4444085998389785e-017	
  0.0000000000000000e+000	  0.0000000000000000e+000	  0.0000000000000000e+000	  5.5511151231257827e-017	 -2.7755575615628914e-017	 -1.1102230246251565e-016	  2.2204460492503131e-016	 -3.3306690738754696e-016	  2.0816681711721685e-017	  2.4163149375492840e-001	  3.4358908556423828e-001	 -6.0547366359532129e-001	  2.0466793736832822e-001	 -6.1081273864950536e-001	 -2.0489323540868026e-001	 -1.6439783465857243e-015	 -4.7350421788814376e-016	  3.6692472448339747e-015	 -1.6422294572165165e-015	 -6.6572327509053451e-016	 -8.1268310380333553e-017	
  0.0000000000000000e+000	  0.0000000000000000e+000	  0.0000000000000000e+000	  0.0000000000000000e+000	  0.0000000000000000e+000	  2.6020852139652106e-017	 -2.7755575615628914e-017	  0.0000000000000000e+000	  0.0000000000000000e+000	  3.2020783567547902e-002	 -1.0459168970910318e-001	  5.3497888260301252e-001	  2.8679484758029361e-001	 -6.3596000315181012e-001	  4.6382802074140800e-001	  7.9904324974710921e-016	 -2.1890883702338812e-015	 -4.0770070943045687e-015	  2.8698656685478201e-015	  1.5757074453389873e-015	  1.8315739602552103e-016	
  0.0000000000000000e+000	  0.0000000000000000e+000	  0.0000000000000000e+000	  0.0000000000000000e+000	  0.0000000000000000e+000	  0.0000000000000000e+000	  0.0000000000000000e+000	  0.0000000000000000e+000	  0.0000000000000000e+000	  2.4057118867090313e-001	  4.4775393541798332e-002	 -4.1172093964516193e-001	  1.7743297320413864e-001	  3.2030329441953942e-001	  7.9782822385290408e-001	  2.4125714004713560e-015	 -2.1700407117004756e-015	 -4.9878785797372726e-015	  1.1058857291878122e-015	  3.6457199681959331e-015	  3.7444279818881137e-016	
  1.8782197095421565e-031	  2.0717173550270361e-031	 -7.0438113034130382e-031	 -5.2467069666691613e-030	 -1.0606333046917478e-029	 -1.0524917072099964e-029	  1.4998936758506105e-029	 -5.3753990221449421e-029	  5.7664176407518405e-030	  3.1941327868413838e-001	 -7.8385507332640270e-002	  6.9987094676673856e-002	 -2.0282337736399203e-004	  3.6428253601080055e-002	 -7.0377104009359259e-002	 -5.7140071952207239e-001	  7.0369304950771649e-001	 -9.8222148569046916e-002	 -1.1947129581677171e-001	 -1.8720721754433442e-001	 -1.5707203822608140e-003	
  1.1646350348280183e-031	  9.6912209398195352e-032	 -3.7286476038025133e-031	 -2.6166854878338122e-030	 -5.2179579565351976e-030	 -5.1213842228097365e-030	  7.3853844542416236e-030	 -2.6130556710379319e-029	  2.7660947908396604e-030	  1.5970663934206930e-001	 -3.9192753666319802e-002	  3.4993547338339502e-002	 -1.0141168869183016e-004	  1.8214126800538220e-002	 -3.5188552004671213e-002	 -9.2176265487327477e-002	 -1.7033944671540729e-001	  8.1943558145628537e-001	 -4.8514304146428927e-001	 -1.6044423405100433e-001	 -8.3895207630843814e-003	
 -2.0138903819507270e-031	 -1.9876551191075364e-031	  4.4173214714697185e-031	  3.3487192019329702e-030	  6.7875246759299043e-030	  6.7048625492108261e-030	 -9.5903660276349358e-030	  3.4844097056592883e-029	 -3.7551233398257810e-030	 -1.9963329917758646e-001	  4.8990942082898489e-002	 -4.3741934172922270e-002	  1.2676461085751878e-004	 -2.2767658500674873e-002	  4.3985690005853839e-002	  5.6898411722455255e-001	  5.7490828760956270e-001	  3.3215691829193894e-001	  2.8329445817992482e-001	 -3.2902379495925227e-001	 -1.6639185976108067e-002	
  6.6615857868753871e-031	  7.2681487907689465e-031	 -2.0688566527043644e-030	 -1.3625291609470964e-029	 -2.6429071777378375e-029	 -2.6489001717584630e-029	  3.8300606145823527e-029	 -1.3565510910989530e-028	  1.4717221734047774e-029	  7.9853319671034551e-001	 -1.9596376833159529e-001	  1.7496773669168519e-001	 -5.0705844342302520e-004	  9.1070634002697548e-002	 -1.7594276002340686e-001	  4.6662967500710345e-001	 -3.2010838277790422e-002	 -1.0833246421757814e-001	  1.7442162706483105e-002	  9.5899693963992103e-002	 -1.1863559149366724e-001	
  9.3910985477107823e-032	  1.0358586775135181e-031	 -3.5219056517065191e-031	 -2.6233534833345806e-030	 -5.3031665234587391e-030	 -5.2624585360499819e-030	  7.4994683792530527e-030	 -2.6876995110724711e-029	  2.8832088203759202e-030	  1.5970663934206916e-001	 -3.9192753666319247e-002	  3.4993547338336650e-002	 -1.0141168868646466e-004	  1.8214126800540388e-002	 -3.5188552004680004e-002	 -3.1679916116720053e-001	 -7.0506535857722027e-002	  4.2737367156249745e-001	  7.6671161570719515e-001	  3.0713823154482478e-001	  1.1999861009542841e-003	
 -8.3269822335942339e-032	 -9.0851859884611831e-032	  2.5860708158804555e-031	  1.7031614511838705e-030	  3.3036339721722969e-030	  3.3111252146980788e-030	 -4.7875757682279409e-030	  1.6956888638736913e-029	 -1.8396527167559718e-030	 -9.9816649588793202e-002	  2.4495471041449460e-002	 -2.1870967086460663e-002	  6.3382305427878149e-005	 -1.1383829250337096e-002	  2.1992845002925865e-002	 -5.7059326736366760e-002	  1.2980754443245528e-002	  7.0384542380875900e-003	 -1.5840508647350180e-002	  3.8464047298126899e-002	 -9.9153455668707979e-001	
 -9.7585546833114928e-032	 -1.0349676051915697e-031	  2.4603888453810939e-031	  1.9502955087824424e-030	  3.9635955463910146e-030	  3.8753137288270794e-030	 -5.4835360076651696e-030	  2.0004259617110810e-029	 -2.1666967970285949e-030	 -1.1977997950655186e-001	  2.9394565249739529e-002	 -2.6245160503751731e-002	  7.6058766513436297e-005	 -1.3660595100405550e-002	  2.6391414003509361e-002	  1.4107125602184423e-001	  3.7298345868582644e-001	  1.1880993737208312e-001	 -2.8584127823804362e-001	  8.5202366181713718e-001	  4.9332196672762549e-002	
  3.7606080027385952e-001	 -8.6389145636431880e-002	 -5.6223069283244065e-001	  1.8395028596063567e-001	  3.3158721027223148e-001	 -7.9291383397550042e-003	 -6.0296048426117699e-001	  1.6612720498940886e-001	 -1.2598717186703343e-003	 -5.5511466806174766e-017	 -1.9569930195760087e-016	 -2.1767552441229558e-016	  1.7635522636072362e-016	 -1.4750398060413118e-016	 -1.8446446386456945e-017	 -1.1102230246251565e-016	  2.2204460492503131e-016	  2.7755575615628914e-017	  2.2204460492503131e-016	  4.1633363423443370e-017	 -3.9898639947466563e-017	
  3.7818301818006550e-001	 -4.2249929494366339e-001	  6.2476412616748422e-001	  1.4161872857288260e-001	 -2.5608165169934372e-001	 -1.1036542101594059e-001	 -4.1500818545903728e-001	 -1.1908028432086801e-001	 -6.2574965432452528e-002	 -6.2702657365136860e-017	  3.8431631587700721e-017	  3.9493720529728477e-017	 -8.7382941798865274e-018	 -4.4316741290154887e-017	  1.9004968627941885e-016	  8.3266726846886741e-017	 -1.1102230246251565e-016	  1.1102230246251565e-016	 -1.5265566588595902e-016	  6.9388939039072284e-018	 -1.1102230246251565e-016	
  8.7802997227235877e-002	 -7.3426123992583955e-002	 -7.3610171701291180e-002	  1.9642993369599487e-001	  3.6431663522777308e-001	 -2.1882149499012504e-001	  1.6411389243153579e-001	 -8.4439502544566980e-001	  1.4950008596589384e-001	  1.9930815076813123e-018	  2.5060587255816537e-016	  3.9040770703878319e-016	 -7.6965027236651265e-016	  4.1005070811478050e-016	  1.8697039681654224e-016	 -1.1102230246251565e-016	 -5.5511151231257827e-017	  5.5511151231257827e-017	 -2.0816681711721685e-017	 -7.6327832942979512e-017	  1.1102230246251565e-016	
 -2.9269128243874398e-001	  1.0191522336565385e-001	  4.0737035753411299e-001	  5.4259447573255659e-001	  5.6493604812631959e-001	  2.7911616963757008e-001	 -4.7601416523978590e-002	  2.0605983831304617e-001	 -4.2433485495692452e-002	  3.1677417911451853e-017	 -1.4754413713195711e-016	 -2.8909295559166090e-016	  2.1595047197525673e-016	  8.6531703331074762e-017	 -9.3625762929660467e-017	  0.0000000000000000e+000	 -1.1102230246251565e-016	 -2.2204460492503131e-016	 -1.2490009027033011e-016	 -6.9388939039072284e-018	  5.5511151231257827e-017	
 -4.5690500023695046e-001	  6.7576562460692088e-002	 -1.6783980870582424e-001	  5.2829777771329745e-001	 -3.8999281849543332e-001	 -5.4316694116920050e-001	 -1.7834397736222701e-001	  2.1607037818978964e-002	 -2.0791439213163759e-003	  5.0283313300102268e-018	 -1.5402594998566334e-017	 -4.2608326565010621e-017	 -2.9209707337160442e-016	  1.2573741248119239e-016	 -5.1487959036353498e-017	 -8.3266726846886741e-017	 -5.5511151231257827e-017	  0.0000000000000000e+000	  1.0408340855860843e-016	  6.9388939039072284e-018	  1.1102230246251565e-016	
